4e8f2c46403d40023c701c94455eb7c502c16593,0.6666666666666666,1.0,1.0,1.0,0.0,0.18181818181818182,1
7ebb3e39e73ed87ef1b1038e726290d4bf348526,1.0,0.0,0.0,0.0,0.0,0.1111111111111111,0
7ebb3e39e73ed87ef1b1038e726290d4bf348526,0.8108108108108109,1.0,0.8125,1.0,1.0,0.05263157894736842,1
7ebb3e39e73ed87ef1b1038e726290d4bf348526,0.3225806451612903,0.0,0.0,1.0,0.0,0.05263157894736842,0
7ebb3e39e73ed87ef1b1038e726290d4bf348526,0.5882352941176471,1.0,1.0,1.0,0.0,0.1111111111111111,1
5982732449cb7124fd7282c8cf48bf2a65f7fea7,0.8823529411764706,1.0,1.0,1.0,1.0,0.13333333333333333,1
5982732449cb7124fd7282c8cf48bf2a65f7fea7,0.3333333333333333,0.0,0.0,1.0,1.0,0.0625,0
5982732449cb7124fd7282c8cf48bf2a65f7fea7,0.35294117647058826,0.0,0.0,1.0,1.0,0.0625,0
5982732449cb7124fd7282c8cf48bf2a65f7fea7,0.4444444444444444,1.0,0.0,1.0,0.0,0.0,0
5982732449cb7124fd7282c8cf48bf2a65f7fea7,0.4444444444444444,1.0,0.0,1.0,0.0,0.0,0
b9f59839c09676c405bc828368a9d81401e1e7fa,0.7333333333333333,1.0,1.0,1.0,0.0,0.041666666666666664,1
9b81931d592bc1ed7d1f00d0158fbd1cbae89103,0.0,0.0,0.0,0.0,1.0,0.07142857142857142,0
9b81931d592bc1ed7d1f00d0158fbd1cbae89103,0.0,0.0,0.0,0.0,1.0,0.07142857142857142,0
a8864d1c61f4e1682ffdd4a69d859a61a75fda3a,0.5,0.0,0.0,0.0,0.0,0.0,0
2a53b3fc63b67e43bb7e89ef4ab81e8c72fdcbd0,0.6666666666666666,0.0,0.12375,0.0,0.0,0.0,0
5731a71ebc3a7af44f18a91306db7608a2276f28,0.6666666666666666,0.0,0.0,0.0,0.0,0.0,0
5731a71ebc3a7af44f18a91306db7608a2276f28,0.8,0.0,0.10875,0.0,0.0,0.0,0
9839966cab1a11fe7ed97a177508062b6eb4f146,0.1111111111111111,1.0,0.10875,0.0,0.0,0.1,0
ef0bc171fbc238f8b1515064099c2cd9ed788dba,0.5454545454545454,1.0,0.12375,0.0,0.0,0.0,0
ef0bc171fbc238f8b1515064099c2cd9ed788dba,0.8888888888888888,0.0,0.0,0.0,0.0,0.0,0
ef0bc171fbc238f8b1515064099c2cd9ed788dba,0.6666666666666666,0.0,0.0,0.0,0.0,0.0,0
ef0bc171fbc238f8b1515064099c2cd9ed788dba,0.6153846153846154,0.0,0.12375,0.0,0.0,0.0,0
e06eb6d53b3f8d3be500b05f2c419190d02add6d,0.23529411764705882,1.0,0.875,0.0,0.0,0.0,1
e06eb6d53b3f8d3be500b05f2c419190d02add6d,0.38095238095238093,0.0,0.0,0.0,0.0,0.06666666666666667,0
f7bbe239c0621634364d1705b38ee350e23b80ad,1.0,0.0,0.0,0.0,0.0,0.16666666666666666,0
469033f50b12762f960c253fa9ec78bb57518854,0.6666666666666666,0.0,0.12375,0.0,0.0,0.0,0
469033f50b12762f960c253fa9ec78bb57518854,0.25806451612903225,0.0,0.0,0.0,0.0,0.0,0
1229853804d2512a47b8fe61a7d0e90016cec9d1,0.6666666666666666,0.0,0.12375,0.0,0.0,0.0,0
3bf73521af8b7ad1a336f6851ce4789c110a0cce,0.6666666666666666,0.0,0.12375,0.0,0.0,0.0,0
0805379b890b6fa58b1739b0034aadd169273ff3,0.4,1.0,0.12375,0.0,0.0,0.0,0
0805379b890b6fa58b1739b0034aadd169273ff3,0.3333333333333333,1.0,0.0,0.0,0.0,0.0,0
0805379b890b6fa58b1739b0034aadd169273ff3,0.3076923076923077,1.0,0.0,0.0,0.0,0.0,0
0805379b890b6fa58b1739b0034aadd169273ff3,0.14285714285714285,0.0,0.0,0.0,1.0,0.06451612903225806,0
0805379b890b6fa58b1739b0034aadd169273ff3,0.25,1.0,0.1875,0.0,0.0,0.03125,0
09a7e13c2885f07a7347b7ffe6e79bc5f258e59c,1.0,0.0,0.0,0.0,0.0,0.043478260869565216,0
0fdb255487081d635fa3086fcddb815678615de2,0.8,0.0,0.12375,0.0,0.0,0.0,0
0fdb255487081d635fa3086fcddb815678615de2,0.8,0.0,0.0,0.0,0.0,0.0,0
0fdb255487081d635fa3086fcddb815678615de2,0.46153846153846156,0.0,0.0,0.0,0.0,0.0,0
0fdb255487081d635fa3086fcddb815678615de2,0.46153846153846156,0.0,0.0,0.0,0.0,0.0,0
a4b3bc6540061e616ae24fce504abc2a23f1df89,0.6666666666666666,0.0,0.12375,0.0,0.0,0.0,0
e45b657b90b6e38059346e65c116666aa12bc1ae,0.6428571428571429,1.0,1.0,0.0,1.0,0.125,1
58df37774aebed75bba9335141c73e2cb2222470,0.35294117647058826,0.0,0.12375,0.0,0.0,0.0,0
58df37774aebed75bba9335141c73e2cb2222470,0.42857142857142855,0.0,0.0,0.0,0.0,0.0,0
73d3e2fa2c4cff535994ad43c8c008456b3578a3,0.6666666666666666,0.0,0.12375,0.0,0.0,0.0,0
918f7656dd5001c1c2b18b8330dce19cf10bd929,0.7741935483870968,1.0,1.0,0.0,0.0,0.0,1
918f7656dd5001c1c2b18b8330dce19cf10bd929,0.7741935483870968,1.0,1.0,0.0,0.0,0.0,1
dcc19f8692a17f6585ef71043f0bf84bf9139c3f,0.7272727272727273,0.0,0.10875,0.0,0.0,0.0,0
071fe51f45a70405d95e63b5aec061f17f4d74c7,0.65,0.0,0.8125,0.0,0.0,0.0,1
2f7b7fc0dff21c78c4a9a30548429ee9f6250a58,0.7777777777777778,1.0,1.0,1.0,0.0,0.07142857142857142,1
376ad3c3adb39d57711d5a12997e31372119630a,0.6666666666666666,1.0,1.0,0.0,0.0,0.025,1
376ad3c3adb39d57711d5a12997e31372119630a,0.6666666666666666,1.0,1.0,0.0,0.0,0.025,1
376ad3c3adb39d57711d5a12997e31372119630a,0.6666666666666666,1.0,1.0,0.0,0.0,0.025,1
54e3aa6fbba2f4fcc958d702cbef45eaf2810d3d,0.8181818181818182,1.0,1.0,1.0,1.0,0.08695652173913043,1
dbd4979c2dd513f7f837200bf772d5f00143dd77,0.8108108108108109,1.0,1.0,1.0,1.0,0.13333333333333333,1
3f1857233ab50b09f4fdb66307f76ef6ceec6af6,0.6666666666666666,1.0,1.0,0.0,0.0,0.04,1
603fe009567f0d306b887eece78b38cfb834704a,1.0,0.0,0.0,0.0,0.0,0.03225806451612903,0
4c927c977216f6d8114cc766d1c742aff7154d88,0.35294117647058826,0.0,0.0,0.0,1.0,0.016129032258064516,0
4c927c977216f6d8114cc766d1c742aff7154d88,0.7,1.0,0.8125,0.0,0.0,0.0,1
b8329dc4bee3ae76a930068c06defa773fd02876,0.3157894736842105,0.0,0.045,0.0,0.0,0.0,0
b8329dc4bee3ae76a930068c06defa773fd02876,0.42105263157894735,0.0,0.09,0.0,0.0,0.0,0
b8329dc4bee3ae76a930068c06defa773fd02876,0.36363636363636365,0.0,0.0,0.0,0.0,0.0,0
b8329dc4bee3ae76a930068c06defa773fd02876,0.36363636363636365,0.0,0.0,0.0,0.0,0.0,0
b67f00cf984a8812265c7418c6c5099b173f5a3f,0.8571428571428571,1.0,1.0,0.0,0.0,0.029411764705882353,1
b67f00cf984a8812265c7418c6c5099b173f5a3f,0.8571428571428571,1.0,1.0,0.0,0.0,0.0,1
a70988e51c7842eb22595118ed9d1e1336153621,0.2,0.0,0.0,0.0,0.0,0.1,0
a70988e51c7842eb22595118ed9d1e1336153621,0.14285714285714285,0.0,0.0,0.0,0.0,0.1,0
a70988e51c7842eb22595118ed9d1e1336153621,1.0,0.0,0.10875,0.0,0.0,0.047619047619047616,0
05ff506a61a1c700af37786bdc04ac7c60cc6841,0.7058823529411765,0.0,0.09375,0.0,0.0,0.0,0
05ff506a61a1c700af37786bdc04ac7c60cc6841,0.631578947368421,0.0,0.0825,0.0,0.0,0.0,0
05ff506a61a1c700af37786bdc04ac7c60cc6841,0.8695652173913043,1.0,1.0,0.0,0.0,0.018867924528301886,1
d25cc28e6e15dd80bb13081dbcb5c52c94aee008,0.7368421052631579,1.0,1.0,0.0,0.0,0.05555555555555555,1
